31.268	55.076	4.754	8	9	6	0.022	0.000
31.437	17.168	-16.240	48	35	44	0.018	0.000
42.015	1.877	2.027	73	64	64	0.020	0.000
10.365	28.904	-15.187	40	26	35	0.026	0.000
19.899	23.565	1.910	46	31	42	0.023	0.000
6.435	17.481	-3.759	49	36	43	0.013	0.000
47.155	52.923	12.365	13	11	7	0.048	0.000
6.557	51.706	-23.325	11	13	10	0.076	0.000
4.681	47.603	13.079	19	16	15	0.028	0.000
21.928	1.233	-14.440	71	63	63	0.032	0.000
54.533	7.609	0.060	67	52	59	0.020	0.000
11.888	35.151	-6.803	34	23	27	0.022	0.000
8.463	58.113	5.784	7	5	3	0.036	0.000
30.121	6.369	-15.369	66	54	58	0.027	0.000
13.823	39.293	9.873	29	19	22	0.021	0.000
16.955	60.829	12.654	2	1	1	0.020	0.000
17.411	8.649	-7.039	64	50	55	0.012	0.000
53.509	31.688	-1.363	39	25	33	0.016	0.000
22.382	58.582	6.090	5	4	2	0.023	0.000
23.656	8.563	10.026	68	51	57	0.039	0.000
46.552	61.936	-14.711	1	2	0	0.040	0.000
45.907	16.251	3.412	53	40	47	0.026	0.000
13.205	14.235	7.749	56	45	49	0.022	0.000
31.742	55.008	4.839	9	9	6	0.017	1.000
31.749	16.685	-16.279	47	36	43	0.020	1.000
42.081	1.719	2.248	72	61	63	0.023	1.000
10.612	28.528	-15.360	39	27	34	0.019	1.000
20.108	23.450	1.802	45	30	41	0.020	1.000
6.789	17.508	-3.904	49	35	42	0.009	1.000
47.306	52.885	12.499	13	11	7	0.041	1.000
6.803	51.205	-23.103	14	14	10	0.076	1.000
4.998	48.082	13.012	19	16	15	0.023	1.000
22.214	0.692	-14.321	70	60	62	0.033	1.000
54.746	7.431	0.290	65	50	57	0.007	1.000
11.985	35.065	-6.980	33	24	27	0.022	1.000
8.930	58.037	5.910	8	5	3	0.030	1.000
30.415	5.961	-15.214	64	51	58	0.031	1.000
14.092	39.031	9.572	30	21	21	0.023	1.000
17.480	61.498	12.571	3	1	0	0.021	1.000
17.719	8.442	-7.029	62	48	54	0.010	1.000
53.722	31.187	-1.308	38	25	32	0.014	1.000
22.882	58.545	6.141	6	4	2	0.024	1.000
23.520	8.627	10.174	66	49	55	0.036	1.000
46.727	61.932	-14.533	2	2	1	0.040	1.000
45.957	15.866	3.458	52	40	46	0.025	1.000
13.155	14.315	7.717	57	42	48	0.028	1.000
32.226	54.941	4.944	9	9	6	0.028	2.000
32.079	16.214	-16.302	47	38	44	0.019	2.000
42.156	1.549	2.436	70	61	63	0.018	2.000
10.861	28.144	-15.637	37	29	34	0.025	2.000
20.339	23.314	1.663	45	32	41	0.027	2.000
7.148	17.545	-4.041	48	36	42	0.018	2.000
47.487	52.850	12.623	13	11	7	0.045	2.000
7.038	50.688	-22.896	14	14	11	0.068	2.000
5.343	48.565	12.979	19	17	14	0.019	2.000
22.504	0.153	-14.218	67	62	62	0.036	2.000
54.966	7.263	0.555	64	52	57	0.014	2.000
12.100	34.978	-7.220	31	27	27	0.022	2.000
9.395	57.951	5.910	7	5	3	0.024	2.000
30.717	5.546	-15.146	62	53	58	0.023	2.000
14.370	38.743	9.266	26	24	22	0.026	2.000
18.047	62.174	12.460	3	1	0	0.021	2.000
18.026	8.240	-7.012	60	50	55	0.006	2.000
53.948	30.692	-1.271	36	28	33	0.015	2.000
23.411	58.489	6.120	6	4	2	0.011	2.000
23.391	8.684	10.253	63	51	56	0.041	2.000
46.929	61.927	-14.164	2	2	1	0.037	2.000
46.023	15.496	3.537	51	41	46	0.031	2.000
13.107	14.389	7.614	54	44	47	0.022	2.000
1.300	41.383	-18.871	25	23	20	0.070	2.000
40.501	43.647	-19.119	23	22	18	0.028	2.000
54.737	14.573	0.005	53	43	49	0.014	2.000
29.884	50.565	-20.045	15	15	10	0.037	2.000
32.717	54.878	4.980	10	9	7	0.017	3.000
32.403	15.737	-16.356	47	40	45	0.018	3.000
42.231	1.398	2.719	67	65	63	0.019	3.000
11.131	27.764	-15.798	40	30	34	0.032	3.000
20.566	23.192	1.540	44	34	42	0.023	3.000
7.510	17.568	-4.201	46	38	43	0.009	3.000
47.644	52.819	12.751	14	12	8	0.043	3.000
7.287	50.175	-22.833	17	16	13	0.076	3.000
5.700	49.055	12.980	19	17	14	0.019	3.000
55.195	7.084	0.715	62	56	59	0.016	3.000
12.216	34.891	-7.475	33	27	27	0.022	3.000
9.859	57.877	5.927	8	5	4	0.032	3.000
31.016	5.145	-15.077	61	58	60	0.014	3.000
14.652	38.468	8.976	30	24	23	0.028	3.000
18.605	62.879	12.255	3	1	0	0.015	3.000
18.347	8.014	-7.004	58	54	56	0.012	3.000
54.167	30.191	-1.257	38	28	33	0.022	3.000
23.942	58.452	6.159	7	4	3	0.019	3.000
23.270	8.744	10.369	60	55	57	0.035	3.000
47.142	61.918	-13.847	4	2	2	0.039	3.000
46.078	15.118	3.560	50	43	47	0.027	3.000
13.075	14.456	7.550	53	46	48	0.027	3.000
30.097	51.169	-19.754	15	14	11	0.040	3.000
33.026	50.608	-16.004	16	15	12	0.018	3.000
11.825	46.564	7.720	22	20	18	0.016	3.000
33.195	54.809	5.054	10	9	6	0.024	4.000
32.714	15.259	-16.420	49	40	44	0.020	4.000
42.295	1.240	2.959	73	60	62	0.022	4.000
11.388	27.365	-15.991	40	29	35	0.031	4.000
20.776	23.048	1.456	45	33	41	0.022	4.000
7.853	17.606	-4.298	48	37	42	0.016	4.000
47.795	52.771	12.884	15	12	7	0.042	4.000
7.516	49.649	-22.648	17	16	13	0.073	4.000
6.049	49.549	12.947	19	15	12	0.026	4.000
55.421	6.916	0.969	67	53	57	0.013	4.000
12.325	34.793	-7.692	33	26	27	0.023	4.000
10.331	57.800	5.955	7	5	3	0.029	4.000
31.299	4.740	-14.950	66	55	58	0.026	4.000
14.918	38.193	8.671	31	23	23	0.024	4.000
18.637	7.792	-7.033	63	51	56	0.012	4.000
54.377	29.682	-1.197	39	27	33	0.022	4.000
24.456	58.414	6.203	6	4	2	0.015	4.000
23.133	8.818	10.502	65	52	55	0.037	4.000
47.325	61.922	-13.544	4	2	1	0.036	4.000
46.132	14.744	3.583	53	42	47	0.027	4.000
13.024	14.526	7.543	55	44	46	0.026	4.000
30.277	51.781	-19.612	12	14	10	0.039	4.000
1.765	41.820	-18.591	26	21	21	0.073	4.000
40.856	44.711	-18.668	24	20	19	0.024	4.000
33.684	54.741	5.141	11	9	5	0.021	5.000
33.036	14.784	-16.434	52	44	45	0.021	5.000
42.363	1.074	3.143	75	66	66	0.024	5.000
11.642	26.967	-16.178	41	31	35	0.027	5.000
21.004	22.895	1.285	48	35	40	0.027	5.000
8.204	17.627	-4.402	51	41	42	0.009	5.000
47.974	52.733	12.996	17	13	7	0.050	5.000
7.749	49.120	-22.503	18	18	14	0.078	5.000
6.416	50.062	12.910	20	17	11	0.018	5.000
55.642	6.738	1.191	69	59	60	0.011	5.000
12.444	34.696	-7.875	35	28	27	0.025	5.000
10.798	57.716	5.983	8	5	2	0.024	5.000
31.581	4.339	-14.909	70	61	61	0.022	5.000
15.195	37.915	8.332	32	25	23	0.019	5.000
18.941	7.563	-7.008	66	58	59	0.008	5.000
54.581	29.167	-1.139	40	29	33	0.023	5.000
24.974	58.369	6.202	6	4	1	0.023	5.000
23.005	8.865	10.574	68	57	58	0.042	5.000
47.531	61.920	-13.177	4	2	0	0.038	5.000
46.192	14.379	3.663	57	46	47	0.025	5.000
12.987	14.589	7.422	58	47	46	0.027	5.000
30.489	52.399	-19.463	13	14	8	0.035	5.000
11.362	48.265	14.270	22	19	13	0.071	5.000
1.401	54.235	-17.897	10	12	6	0.092	5.000
33.521	51.250	-15.476	16	16	10	0.025	5.000
55.251	13.592	0.483	59	48	49	0.017	5.000
15.587	0.477	11.200	80	72	67	0.057	5.000
48.551	25.090	3.293	46	33	37	0.023	5.000
34.136	54.637	5.342	10	10	5	0.054	6.000
33.360	14.307	-16.459	54	44	48	0.020	6.000
42.431	0.917	3.424	82	65	66	0.023	6.000
11.908	26.540	-16.339	45	31	37	0.033	6.000
21.229	22.751	1.196	51	35	43	0.025	6.000
8.568	17.630	-4.611	53	41	45	0.008	6.000
48.134	52.696	13.127	15	13	7	0.041	6.000
7.992	48.611	-22.368	17	18	14	0.074	6.000
6.803	50.569	12.916	16	16	11	0.019	6.000
55.869	6.558	1.447	77	58	61	0.009	6.000
12.570	34.587	-8.091	38	28	29	0.023	6.000
11.273	57.636	5.982	7	5	2	0.026	6.000
31.870	3.932	-14.822	78	60	62	0.034	6.000
15.479	37.647	8.096	35	26	27	0.030	6.000
19.242	7.336	-7.028	74	57	59	0.011	6.000
54.780	28.661	-1.091	43	30	36	0.024	6.000
25.511	58.339	6.246	5	4	1	0.018	6.000
22.880	8.935	10.678	75	56	58	0.039	6.000
47.740	61.907	-12.844	3	3	0	0.041	6.000
46.249	14.012	3.718	59	47	50	0.019	6.000
12.968	14.650	7.387	58	45	49	0.027	6.000
30.734	53.034	-19.039	11	14	8	0.048	6.000
1.701	54.715	-17.767	9	11	6	0.091	6.000
55.425	13.257	0.516	60	49	52	0.016	6.000
15.389	0.516	11.264	87	70	67	0.043	6.000
12.804	47.289	7.615	25	20	15	0.007	6.000
23.519	40.501	1.811	31	22	22	0.018	6.000
34.136	54.637	5.342	10	10	5	0.054	6.000
33.360	14.307	-16.459	54	44	48	0.020	6.000
42.431	0.917	3.424	82	65	66	0.023	6.000
11.908	26.540	-16.339	45	31	37	0.033	6.000
21.229	22.751	1.196	51	35	43	0.025	6.000
8.568	17.630	-4.611	53	41	45	0.008	6.000
48.134	52.696	13.127	15	13	7	0.041	6.000
7.992	48.611	-22.368	17	18	14	0.074	6.000
6.803	50.569	12.916	16	16	11	0.019	6.000
55.869	6.558	1.447	77	58	61	0.009	6.000
12.570	34.587	-8.091	38	28	29	0.023	6.000
11.273	57.636	5.982	7	5	2	0.026	6.000
31.870	3.932	-14.822	78	60	62	0.034	6.000
15.479	37.647	8.096	35	26	27	0.030	6.000
19.242	7.336	-7.028	74	57	59	0.011	6.000
54.780	28.661	-1.091	43	30	36	0.024	6.000
25.511	58.339	6.246	5	4	1	0.018	6.000
22.880	8.935	10.678	75	56	58	0.039	6.000
47.740	61.907	-12.844	3	3	0	0.041	6.000
46.249	14.012	3.718	59	47	50	0.019	6.000
12.968	14.650	7.387	58	45	49	0.027	6.000
30.734	53.034	-19.039	11	14	8	0.048	6.000
1.701	54.715	-17.767	9	11	6	0.091	6.000
55.425	13.257	0.516	60	49	52	0.016	6.000
15.389	0.516	11.264	87	70	67	0.043	6.000
33.036	14.784	-16.434	52	44	45	0.021	5.000
42.363	1.074	3.143	75	66	66	0.024	5.000
11.642	26.967	-16.178	41	31	35	0.027	5.000
21.004	22.895	1.285	48	35	40	0.027	5.000
8.204	17.627	-4.402	51	41	42	0.009	5.000
47.974	52.733	12.996	17	13	7	0.050	5.000
7.749	49.120	-22.503	18	18	14	0.078	5.000
6.416	50.062	12.910	20	17	11	0.018	5.000
55.642	6.738	1.191	69	59	60	0.011	5.000
12.444	34.696	-7.875	35	28	27	0.025	5.000
10.798	57.716	5.983	8	5	2	0.024	5.000
31.581	4.339	-14.909	70	61	61	0.022	5.000
15.195	37.915	8.332	32	25	23	0.019	5.000
18.941	7.563	-7.008	66	58	59	0.008	5.000
54.581	29.167	-1.139	40	29	33	0.023	5.000
24.974	58.369	6.202	6	4	1	0.023	5.000
23.005	8.865	10.574	68	57	58	0.042	5.000
47.531	61.920	-13.177	4	2	0	0.038	5.000
46.192	14.379	3.663	57	46	47	0.025	5.000
12.987	14.589	7.422	58	47	46	0.027	5.000
30.489	52.399	-19.463	13	14	8	0.035	5.000
1.401	54.235	-17.897	10	12	6	0.092	5.000
55.251	13.592	0.483	59	48	49	0.017	5.000
15.587	0.477	11.200	80	72	67	0.057	5.000
32.714	15.259	-16.420	49	40	44	0.020	4.000
42.295	1.240	2.959	73	60	62	0.022	4.000
11.388	27.365	-15.991	40	29	35	0.031	4.000
20.776	23.048	1.456	45	33	41	0.022	4.000
7.853	17.606	-4.298	48	37	42	0.016	4.000
47.795	52.771	12.884	15	12	7	0.042	4.000
7.516	49.649	-22.648	17	16	13	0.073	4.000
6.049	49.549	12.947	19	15	12	0.026	4.000
55.421	6.916	0.969	67	53	57	0.013	4.000
12.325	34.793	-7.692	33	26	27	0.023	4.000
10.331	57.800	5.955	7	5	3	0.029	4.000
31.299	4.740	-14.950	66	55	58	0.026	4.000
14.918	38.193	8.671	31	23	23	0.024	4.000
18.637	7.792	-7.033	63	51	56	0.012	4.000
54.377	29.682	-1.197	39	27	33	0.022	4.000
24.456	58.414	6.203	6	4	2	0.015	4.000
23.133	8.818	10.502	65	52	55	0.037	4.000
47.325	61.922	-13.544	4	2	1	0.036	4.000
46.132	14.744	3.583	53	42	47	0.027	4.000
13.024	14.526	7.543	55	44	46	0.026	4.000
30.277	51.781	-19.612	12	14	10	0.039	4.000
32.403	15.737	-16.356	47	40	45	0.018	3.000
42.231	1.398	2.719	67	65	63	0.019	3.000
11.131	27.764	-15.798	40	30	34	0.032	3.000
20.566	23.192	1.540	44	34	42	0.023	3.000
7.510	17.568	-4.201	46	38	43	0.009	3.000
47.644	52.819	12.751	14	12	8	0.043	3.000
7.287	50.175	-22.833	17	16	13	0.076	3.000
5.700	49.055	12.980	19	17	14	0.019	3.000
55.195	7.084	0.715	62	56	59	0.016	3.000
12.216	34.891	-7.475	33	27	27	0.022	3.000
9.859	57.877	5.927	8	5	4	0.032	3.000
31.016	5.145	-15.077	61	58	60	0.014	3.000
14.652	38.468	8.976	30	24	23	0.028	3.000
18.347	8.014	-7.004	58	54	56	0.012	3.000
54.167	30.191	-1.257	38	28	33	0.022	3.000
23.942	58.452	6.159	7	4	3	0.019	3.000
23.270	8.744	10.369	60	55	57	0.035	3.000
47.142	61.918	-13.847	4	2	2	0.039	3.000
46.078	15.118	3.560	50	43	47	0.027	3.000
13.075	14.456	7.550	53	46	48	0.027	3.000
30.097	51.169	-19.754	15	14	11	0.040	3.000
32.079	16.214	-16.302	47	38	44	0.019	2.000
42.156	1.549	2.436	70	61	63	0.018	2.000
10.861	28.144	-15.637	37	29	34	0.025	2.000
20.339	23.314	1.663	45	32	41	0.027	2.000
7.148	17.545	-4.041	48	36	42	0.018	2.000
47.487	52.850	12.623	13	11	7	0.045	2.000
7.038	50.688	-22.896	14	14	11	0.068	2.000
5.343	48.565	12.979	19	17	14	0.019	2.000
54.966	7.263	0.555	64	52	57	0.014	2.000
12.100	34.978	-7.220	31	27	27	0.022	2.000
9.395	57.951	5.910	7	5	3	0.024	2.000
30.717	5.546	-15.146	62	53	58	0.023	2.000
14.370	38.743	9.266	26	24	22	0.026	2.000
18.026	8.240	-7.012	60	50	55	0.006	2.000
53.948	30.692	-1.271	36	28	33	0.015	2.000
23.411	58.489	6.120	6	4	2	0.011	2.000
23.391	8.684	10.253	63	51	56	0.041	2.000
46.929	61.927	-14.164	2	2	1	0.037	2.000
46.023	15.496	3.537	51	41	46	0.031	2.000
13.107	14.389	7.614	54	44	47	0.022	2.000
29.884	50.565	-20.045	15	15	10	0.037	2.000
31.749	16.685	-16.279	47	36	43	0.020	1.000
42.081	1.719	2.248	72	61	63	0.023	1.000
10.612	28.528	-15.360	39	27	34	0.019	1.000
20.108	23.450	1.802	45	30	41	0.020	1.000
6.789	17.508	-3.904	49	35	42	0.009	1.000
47.306	52.885	12.499	13	11	7	0.041	1.000
6.803	51.205	-23.103	14	14	10	0.076	1.000
4.998	48.082	13.012	19	16	15	0.023	1.000
54.746	7.431	0.290	65	50	57	0.007	1.000
11.985	35.065	-6.980	33	24	27	0.022	1.000
8.930	58.037	5.910	8	5	3	0.030	1.000
30.415	5.961	-15.214	64	51	58	0.031	1.000
14.092	39.031	9.572	30	21	21	0.023	1.000
17.719	8.442	-7.029	62	48	54	0.010	1.000
53.722	31.187	-1.308	38	25	32	0.014	1.000
22.882	58.545	6.141	6	4	2	0.024	1.000
23.520	8.627	10.174	66	49	55	0.036	1.000
46.727	61.932	-14.533	2	2	1	0.040	1.000
45.957	15.866	3.458	52	40	46	0.025	1.000
13.155	14.315	7.717	57	42	48	0.028	1.000
31.437	17.168	-16.240	48	35	44	0.018	0.000
42.015	1.877	2.027	73	64	64	0.020	0.000
10.365	28.904	-15.187	40	26	35	0.026	0.000
19.899	23.565	1.910	46	31	42	0.023	0.000
6.435	17.481	-3.759	49	36	43	0.013	0.000
47.155	52.923	12.365	13	11	7	0.048	0.000
6.557	51.706	-23.325	11	13	10	0.076	0.000
4.681	47.603	13.079	19	16	15	0.028	0.000
54.533	7.609	0.060	67	52	59	0.020	0.000
11.888	35.151	-6.803	34	23	27	0.022	0.000
8.463	58.113	5.784	7	5	3	0.036	0.000
30.121	6.369	-15.369	66	54	58	0.027	0.000
13.823	39.293	9.873	29	19	22	0.021	0.000
17.411	8.649	-7.039	64	50	55	0.012	0.000
53.509	31.688	-1.363	39	25	33	0.016	0.000
22.382	58.582	6.090	5	4	2	0.023	0.000
23.656	8.563	10.026	68	51	57	0.039	0.000
46.552	61.936	-14.711	1	2	0	0.040	0.000
45.907	16.251	3.412	53	40	47	0.026	0.000
13.205	14.235	7.749	56	45	49	0.022	0.000
